2021 9 25 15 745 94 West
2021 9 26 16 748 92 Est
2021 9 27 15 764 91 West
2021 9 28 17.4 745 93 West
2021 9 29 19 755 93 Est
2021 9 30 18 745 94 West
2021 10 1 15.5 785 84 West
2021 10 2 15 781 86 West
2021 10 3 16.2 773 88 Northern 
2021 10 4 19 769 91 West
2021 10 5 13.8 745 92 West
2021 10 6 14.8 768 89 Est
2021 10 7 11.2 753 87 West
2021 10 8 12 756 91 Est
2021 10 9 14.8 756 88 West
2021 10 10 13.5 745 92 West
2021 10 11 13.4 743 94 Northern 
2021 10 12 15.7 746 91 West
2021 10 13 13.3 745 87 Northern 